{
 "cells": [
  {
   "cell_type": "code",
   "execution_count": 1,
   "id": "9947e6f8",
   "metadata": {},
   "outputs": [],
   "source": [
    "import pandas as pd\n",
    "import numpy as np\n",
    "import matplotlib.pyplot as plt"
   ]
  },
  {
   "cell_type": "code",
   "execution_count": 2,
   "id": "11c2d9f2",
   "metadata": {},
   "outputs": [
    {
     "data": {
      "text/html": [
       "<div>\n",
       "<style scoped>\n",
       "    .dataframe tbody tr th:only-of-type {\n",
       "        vertical-align: middle;\n",
       "    }\n",
       "\n",
       "    .dataframe tbody tr th {\n",
       "        vertical-align: top;\n",
       "    }\n",
       "\n",
       "    .dataframe thead th {\n",
       "        text-align: right;\n",
       "    }\n",
       "</style>\n",
       "<table border=\"1\" class=\"dataframe\">\n",
       "  <thead>\n",
       "    <tr style=\"text-align: right;\">\n",
       "      <th></th>\n",
       "      <th>DEPTH</th>\n",
       "      <th>LCAL</th>\n",
       "      <th>GR</th>\n",
       "      <th>RHOM</th>\n",
       "      <th>APLC</th>\n",
       "      <th>APLU</th>\n",
       "      <th>Four_RT</th>\n",
       "      <th>Two_RT</th>\n",
       "      <th>One_RT</th>\n",
       "      <th>Four_RX</th>\n",
       "      <th>Two_RX</th>\n",
       "      <th>One_RX</th>\n",
       "      <th>DTCO</th>\n",
       "      <th>DTSH</th>\n",
       "    </tr>\n",
       "  </thead>\n",
       "  <tbody>\n",
       "    <tr>\n",
       "      <th>0</th>\n",
       "      <td>4242.9684</td>\n",
       "      <td>8.5405</td>\n",
       "      <td>143.0950</td>\n",
       "      <td>2.7511</td>\n",
       "      <td>0.1141</td>\n",
       "      <td>0.1276</td>\n",
       "      <td>0.77864</td>\n",
       "      <td>0.77152</td>\n",
       "      <td>0.76816</td>\n",
       "      <td>0.79412</td>\n",
       "      <td>0.79461</td>\n",
       "      <td>0.78922</td>\n",
       "      <td>65.8937</td>\n",
       "      <td>104.4344</td>\n",
       "    </tr>\n",
       "    <tr>\n",
       "      <th>1</th>\n",
       "      <td>4242.8160</td>\n",
       "      <td>8.5412</td>\n",
       "      <td>102.6287</td>\n",
       "      <td>2.6434</td>\n",
       "      <td>0.0932</td>\n",
       "      <td>0.1081</td>\n",
       "      <td>0.78184</td>\n",
       "      <td>0.77585</td>\n",
       "      <td>0.77438</td>\n",
       "      <td>0.79697</td>\n",
       "      <td>0.79834</td>\n",
       "      <td>0.79411</td>\n",
       "      <td>66.0644</td>\n",
       "      <td>105.6775</td>\n",
       "    </tr>\n",
       "    <tr>\n",
       "      <th>2</th>\n",
       "      <td>4242.6636</td>\n",
       "      <td>8.5606</td>\n",
       "      <td>62.5591</td>\n",
       "      <td>2.5636</td>\n",
       "      <td>0.0714</td>\n",
       "      <td>0.0871</td>\n",
       "      <td>0.78522</td>\n",
       "      <td>0.78040</td>\n",
       "      <td>0.78152</td>\n",
       "      <td>0.80007</td>\n",
       "      <td>0.80234</td>\n",
       "      <td>0.79987</td>\n",
       "      <td>65.4293</td>\n",
       "      <td>104.6524</td>\n",
       "    </tr>\n",
       "    <tr>\n",
       "      <th>3</th>\n",
       "      <td>4242.5112</td>\n",
       "      <td>8.5651</td>\n",
       "      <td>32.6639</td>\n",
       "      <td>2.5171</td>\n",
       "      <td>0.0631</td>\n",
       "      <td>0.0773</td>\n",
       "      <td>0.78873</td>\n",
       "      <td>0.78500</td>\n",
       "      <td>0.78915</td>\n",
       "      <td>0.80336</td>\n",
       "      <td>0.80645</td>\n",
       "      <td>0.80620</td>\n",
       "      <td>65.8046</td>\n",
       "      <td>105.0880</td>\n",
       "    </tr>\n",
       "    <tr>\n",
       "      <th>4</th>\n",
       "      <td>4242.3588</td>\n",
       "      <td>8.5860</td>\n",
       "      <td>23.8036</td>\n",
       "      <td>2.5064</td>\n",
       "      <td>0.0647</td>\n",
       "      <td>0.0771</td>\n",
       "      <td>0.79231</td>\n",
       "      <td>0.78947</td>\n",
       "      <td>0.79661</td>\n",
       "      <td>0.80680</td>\n",
       "      <td>0.81050</td>\n",
       "      <td>0.81258</td>\n",
       "      <td>65.6507</td>\n",
       "      <td>107.0676</td>\n",
       "    </tr>\n",
       "    <tr>\n",
       "      <th>...</th>\n",
       "      <td>...</td>\n",
       "      <td>...</td>\n",
       "      <td>...</td>\n",
       "      <td>...</td>\n",
       "      <td>...</td>\n",
       "      <td>...</td>\n",
       "      <td>...</td>\n",
       "      <td>...</td>\n",
       "      <td>...</td>\n",
       "      <td>...</td>\n",
       "      <td>...</td>\n",
       "      <td>...</td>\n",
       "      <td>...</td>\n",
       "      <td>...</td>\n",
       "    </tr>\n",
       "    <tr>\n",
       "      <th>1100</th>\n",
       "      <td>4075.3284</td>\n",
       "      <td>8.8483</td>\n",
       "      <td>73.2543</td>\n",
       "      <td>2.5791</td>\n",
       "      <td>0.1050</td>\n",
       "      <td>0.1216</td>\n",
       "      <td>0.76089</td>\n",
       "      <td>0.75711</td>\n",
       "      <td>0.75288</td>\n",
       "      <td>0.78486</td>\n",
       "      <td>0.78449</td>\n",
       "      <td>0.77981</td>\n",
       "      <td>63.9491</td>\n",
       "      <td>107.0481</td>\n",
       "    </tr>\n",
       "    <tr>\n",
       "      <th>1101</th>\n",
       "      <td>4075.1760</td>\n",
       "      <td>8.8479</td>\n",
       "      <td>62.8012</td>\n",
       "      <td>2.5446</td>\n",
       "      <td>0.1056</td>\n",
       "      <td>0.1195</td>\n",
       "      <td>0.76129</td>\n",
       "      <td>0.75861</td>\n",
       "      <td>0.75637</td>\n",
       "      <td>0.78600</td>\n",
       "      <td>0.78641</td>\n",
       "      <td>0.78367</td>\n",
       "      <td>64.5666</td>\n",
       "      <td>108.2560</td>\n",
       "    </tr>\n",
       "    <tr>\n",
       "      <th>1102</th>\n",
       "      <td>4075.0236</td>\n",
       "      <td>8.8767</td>\n",
       "      <td>42.7415</td>\n",
       "      <td>2.5154</td>\n",
       "      <td>0.0869</td>\n",
       "      <td>0.0999</td>\n",
       "      <td>0.76173</td>\n",
       "      <td>0.76032</td>\n",
       "      <td>0.76013</td>\n",
       "      <td>0.78720</td>\n",
       "      <td>0.78850</td>\n",
       "      <td>0.78778</td>\n",
       "      <td>65.3963</td>\n",
       "      <td>113.1766</td>\n",
       "    </tr>\n",
       "    <tr>\n",
       "      <th>1103</th>\n",
       "      <td>4074.8712</td>\n",
       "      <td>8.8756</td>\n",
       "      <td>38.4825</td>\n",
       "      <td>2.4958</td>\n",
       "      <td>0.0715</td>\n",
       "      <td>0.0824</td>\n",
       "      <td>0.76218</td>\n",
       "      <td>0.76209</td>\n",
       "      <td>0.76373</td>\n",
       "      <td>0.78841</td>\n",
       "      <td>0.79060</td>\n",
       "      <td>0.79167</td>\n",
       "      <td>66.5163</td>\n",
       "      <td>118.0417</td>\n",
       "    </tr>\n",
       "    <tr>\n",
       "      <th>1104</th>\n",
       "      <td>4074.7188</td>\n",
       "      <td>8.8275</td>\n",
       "      <td>49.4825</td>\n",
       "      <td>2.5563</td>\n",
       "      <td>0.0700</td>\n",
       "      <td>0.0791</td>\n",
       "      <td>0.76261</td>\n",
       "      <td>0.76378</td>\n",
       "      <td>0.76678</td>\n",
       "      <td>0.78957</td>\n",
       "      <td>0.79255</td>\n",
       "      <td>0.79496</td>\n",
       "      <td>66.5296</td>\n",
       "      <td>126.2994</td>\n",
       "    </tr>\n",
       "  </tbody>\n",
       "</table>\n",
       "<p>1105 rows × 14 columns</p>\n",
       "</div>"
      ],
      "text/plain": [
       "          DEPTH    LCAL        GR    RHOM    APLC    APLU  Four_RT   Two_RT  \\\n",
       "0     4242.9684  8.5405  143.0950  2.7511  0.1141  0.1276  0.77864  0.77152   \n",
       "1     4242.8160  8.5412  102.6287  2.6434  0.0932  0.1081  0.78184  0.77585   \n",
       "2     4242.6636  8.5606   62.5591  2.5636  0.0714  0.0871  0.78522  0.78040   \n",
       "3     4242.5112  8.5651   32.6639  2.5171  0.0631  0.0773  0.78873  0.78500   \n",
       "4     4242.3588  8.5860   23.8036  2.5064  0.0647  0.0771  0.79231  0.78947   \n",
       "...         ...     ...       ...     ...     ...     ...      ...      ...   \n",
       "1100  4075.3284  8.8483   73.2543  2.5791  0.1050  0.1216  0.76089  0.75711   \n",
       "1101  4075.1760  8.8479   62.8012  2.5446  0.1056  0.1195  0.76129  0.75861   \n",
       "1102  4075.0236  8.8767   42.7415  2.5154  0.0869  0.0999  0.76173  0.76032   \n",
       "1103  4074.8712  8.8756   38.4825  2.4958  0.0715  0.0824  0.76218  0.76209   \n",
       "1104  4074.7188  8.8275   49.4825  2.5563  0.0700  0.0791  0.76261  0.76378   \n",
       "\n",
       "       One_RT  Four_RX   Two_RX   One_RX     DTCO      DTSH  \n",
       "0     0.76816  0.79412  0.79461  0.78922  65.8937  104.4344  \n",
       "1     0.77438  0.79697  0.79834  0.79411  66.0644  105.6775  \n",
       "2     0.78152  0.80007  0.80234  0.79987  65.4293  104.6524  \n",
       "3     0.78915  0.80336  0.80645  0.80620  65.8046  105.0880  \n",
       "4     0.79661  0.80680  0.81050  0.81258  65.6507  107.0676  \n",
       "...       ...      ...      ...      ...      ...       ...  \n",
       "1100  0.75288  0.78486  0.78449  0.77981  63.9491  107.0481  \n",
       "1101  0.75637  0.78600  0.78641  0.78367  64.5666  108.2560  \n",
       "1102  0.76013  0.78720  0.78850  0.78778  65.3963  113.1766  \n",
       "1103  0.76373  0.78841  0.79060  0.79167  66.5163  118.0417  \n",
       "1104  0.76678  0.78957  0.79255  0.79496  66.5296  126.2994  \n",
       "\n",
       "[1105 rows x 14 columns]"
      ]
     },
     "execution_count": 2,
     "metadata": {},
     "output_type": "execute_result"
    }
   ],
   "source": [
    "df = pd.read_csv('Combined.csv')\n",
    "df"
   ]
  },
  {
   "cell_type": "code",
   "execution_count": 3,
   "id": "6c1b098e",
   "metadata": {},
   "outputs": [
    {
     "data": {
      "text/html": [
       "<div>\n",
       "<style scoped>\n",
       "    .dataframe tbody tr th:only-of-type {\n",
       "        vertical-align: middle;\n",
       "    }\n",
       "\n",
       "    .dataframe tbody tr th {\n",
       "        vertical-align: top;\n",
       "    }\n",
       "\n",
       "    .dataframe thead th {\n",
       "        text-align: right;\n",
       "    }\n",
       "</style>\n",
       "<table border=\"1\" class=\"dataframe\">\n",
       "  <thead>\n",
       "    <tr style=\"text-align: right;\">\n",
       "      <th></th>\n",
       "      <th>DEPTH</th>\n",
       "      <th>LCAL</th>\n",
       "      <th>GR</th>\n",
       "      <th>RHOM</th>\n",
       "      <th>APLC</th>\n",
       "      <th>APLU</th>\n",
       "      <th>Four_RT</th>\n",
       "      <th>Two_RT</th>\n",
       "      <th>One_RT</th>\n",
       "      <th>Four_RX</th>\n",
       "      <th>Two_RX</th>\n",
       "      <th>One_RX</th>\n",
       "      <th>DTCO</th>\n",
       "      <th>DTSH</th>\n",
       "    </tr>\n",
       "  </thead>\n",
       "  <tbody>\n",
       "    <tr>\n",
       "      <th>1104</th>\n",
       "      <td>4074.7188</td>\n",
       "      <td>8.8275</td>\n",
       "      <td>49.4825</td>\n",
       "      <td>2.5563</td>\n",
       "      <td>0.0700</td>\n",
       "      <td>0.0791</td>\n",
       "      <td>0.76261</td>\n",
       "      <td>0.76378</td>\n",
       "      <td>0.76678</td>\n",
       "      <td>0.78957</td>\n",
       "      <td>0.79255</td>\n",
       "      <td>0.79496</td>\n",
       "      <td>66.5296</td>\n",
       "      <td>126.2994</td>\n",
       "    </tr>\n",
       "    <tr>\n",
       "      <th>1103</th>\n",
       "      <td>4074.8712</td>\n",
       "      <td>8.8756</td>\n",
       "      <td>38.4825</td>\n",
       "      <td>2.4958</td>\n",
       "      <td>0.0715</td>\n",
       "      <td>0.0824</td>\n",
       "      <td>0.76218</td>\n",
       "      <td>0.76209</td>\n",
       "      <td>0.76373</td>\n",
       "      <td>0.78841</td>\n",
       "      <td>0.79060</td>\n",
       "      <td>0.79167</td>\n",
       "      <td>66.5163</td>\n",
       "      <td>118.0417</td>\n",
       "    </tr>\n",
       "    <tr>\n",
       "      <th>1102</th>\n",
       "      <td>4075.0236</td>\n",
       "      <td>8.8767</td>\n",
       "      <td>42.7415</td>\n",
       "      <td>2.5154</td>\n",
       "      <td>0.0869</td>\n",
       "      <td>0.0999</td>\n",
       "      <td>0.76173</td>\n",
       "      <td>0.76032</td>\n",
       "      <td>0.76013</td>\n",
       "      <td>0.78720</td>\n",
       "      <td>0.78850</td>\n",
       "      <td>0.78778</td>\n",
       "      <td>65.3963</td>\n",
       "      <td>113.1766</td>\n",
       "    </tr>\n",
       "    <tr>\n",
       "      <th>1101</th>\n",
       "      <td>4075.1760</td>\n",
       "      <td>8.8479</td>\n",
       "      <td>62.8012</td>\n",
       "      <td>2.5446</td>\n",
       "      <td>0.1056</td>\n",
       "      <td>0.1195</td>\n",
       "      <td>0.76129</td>\n",
       "      <td>0.75861</td>\n",
       "      <td>0.75637</td>\n",
       "      <td>0.78600</td>\n",
       "      <td>0.78641</td>\n",
       "      <td>0.78367</td>\n",
       "      <td>64.5666</td>\n",
       "      <td>108.2560</td>\n",
       "    </tr>\n",
       "    <tr>\n",
       "      <th>1100</th>\n",
       "      <td>4075.3284</td>\n",
       "      <td>8.8483</td>\n",
       "      <td>73.2543</td>\n",
       "      <td>2.5791</td>\n",
       "      <td>0.1050</td>\n",
       "      <td>0.1216</td>\n",
       "      <td>0.76089</td>\n",
       "      <td>0.75711</td>\n",
       "      <td>0.75288</td>\n",
       "      <td>0.78486</td>\n",
       "      <td>0.78449</td>\n",
       "      <td>0.77981</td>\n",
       "      <td>63.9491</td>\n",
       "      <td>107.0481</td>\n",
       "    </tr>\n",
       "    <tr>\n",
       "      <th>...</th>\n",
       "      <td>...</td>\n",
       "      <td>...</td>\n",
       "      <td>...</td>\n",
       "      <td>...</td>\n",
       "      <td>...</td>\n",
       "      <td>...</td>\n",
       "      <td>...</td>\n",
       "      <td>...</td>\n",
       "      <td>...</td>\n",
       "      <td>...</td>\n",
       "      <td>...</td>\n",
       "      <td>...</td>\n",
       "      <td>...</td>\n",
       "      <td>...</td>\n",
       "    </tr>\n",
       "    <tr>\n",
       "      <th>4</th>\n",
       "      <td>4242.3588</td>\n",
       "      <td>8.5860</td>\n",
       "      <td>23.8036</td>\n",
       "      <td>2.5064</td>\n",
       "      <td>0.0647</td>\n",
       "      <td>0.0771</td>\n",
       "      <td>0.79231</td>\n",
       "      <td>0.78947</td>\n",
       "      <td>0.79661</td>\n",
       "      <td>0.80680</td>\n",
       "      <td>0.81050</td>\n",
       "      <td>0.81258</td>\n",
       "      <td>65.6507</td>\n",
       "      <td>107.0676</td>\n",
       "    </tr>\n",
       "    <tr>\n",
       "      <th>3</th>\n",
       "      <td>4242.5112</td>\n",
       "      <td>8.5651</td>\n",
       "      <td>32.6639</td>\n",
       "      <td>2.5171</td>\n",
       "      <td>0.0631</td>\n",
       "      <td>0.0773</td>\n",
       "      <td>0.78873</td>\n",
       "      <td>0.78500</td>\n",
       "      <td>0.78915</td>\n",
       "      <td>0.80336</td>\n",
       "      <td>0.80645</td>\n",
       "      <td>0.80620</td>\n",
       "      <td>65.8046</td>\n",
       "      <td>105.0880</td>\n",
       "    </tr>\n",
       "    <tr>\n",
       "      <th>2</th>\n",
       "      <td>4242.6636</td>\n",
       "      <td>8.5606</td>\n",
       "      <td>62.5591</td>\n",
       "      <td>2.5636</td>\n",
       "      <td>0.0714</td>\n",
       "      <td>0.0871</td>\n",
       "      <td>0.78522</td>\n",
       "      <td>0.78040</td>\n",
       "      <td>0.78152</td>\n",
       "      <td>0.80007</td>\n",
       "      <td>0.80234</td>\n",
       "      <td>0.79987</td>\n",
       "      <td>65.4293</td>\n",
       "      <td>104.6524</td>\n",
       "    </tr>\n",
       "    <tr>\n",
       "      <th>1</th>\n",
       "      <td>4242.8160</td>\n",
       "      <td>8.5412</td>\n",
       "      <td>102.6287</td>\n",
       "      <td>2.6434</td>\n",
       "      <td>0.0932</td>\n",
       "      <td>0.1081</td>\n",
       "      <td>0.78184</td>\n",
       "      <td>0.77585</td>\n",
       "      <td>0.77438</td>\n",
       "      <td>0.79697</td>\n",
       "      <td>0.79834</td>\n",
       "      <td>0.79411</td>\n",
       "      <td>66.0644</td>\n",
       "      <td>105.6775</td>\n",
       "    </tr>\n",
       "    <tr>\n",
       "      <th>0</th>\n",
       "      <td>4242.9684</td>\n",
       "      <td>8.5405</td>\n",
       "      <td>143.0950</td>\n",
       "      <td>2.7511</td>\n",
       "      <td>0.1141</td>\n",
       "      <td>0.1276</td>\n",
       "      <td>0.77864</td>\n",
       "      <td>0.77152</td>\n",
       "      <td>0.76816</td>\n",
       "      <td>0.79412</td>\n",
       "      <td>0.79461</td>\n",
       "      <td>0.78922</td>\n",
       "      <td>65.8937</td>\n",
       "      <td>104.4344</td>\n",
       "    </tr>\n",
       "  </tbody>\n",
       "</table>\n",
       "<p>1105 rows × 14 columns</p>\n",
       "</div>"
      ],
      "text/plain": [
       "          DEPTH    LCAL        GR    RHOM    APLC    APLU  Four_RT   Two_RT  \\\n",
       "1104  4074.7188  8.8275   49.4825  2.5563  0.0700  0.0791  0.76261  0.76378   \n",
       "1103  4074.8712  8.8756   38.4825  2.4958  0.0715  0.0824  0.76218  0.76209   \n",
       "1102  4075.0236  8.8767   42.7415  2.5154  0.0869  0.0999  0.76173  0.76032   \n",
       "1101  4075.1760  8.8479   62.8012  2.5446  0.1056  0.1195  0.76129  0.75861   \n",
       "1100  4075.3284  8.8483   73.2543  2.5791  0.1050  0.1216  0.76089  0.75711   \n",
       "...         ...     ...       ...     ...     ...     ...      ...      ...   \n",
       "4     4242.3588  8.5860   23.8036  2.5064  0.0647  0.0771  0.79231  0.78947   \n",
       "3     4242.5112  8.5651   32.6639  2.5171  0.0631  0.0773  0.78873  0.78500   \n",
       "2     4242.6636  8.5606   62.5591  2.5636  0.0714  0.0871  0.78522  0.78040   \n",
       "1     4242.8160  8.5412  102.6287  2.6434  0.0932  0.1081  0.78184  0.77585   \n",
       "0     4242.9684  8.5405  143.0950  2.7511  0.1141  0.1276  0.77864  0.77152   \n",
       "\n",
       "       One_RT  Four_RX   Two_RX   One_RX     DTCO      DTSH  \n",
       "1104  0.76678  0.78957  0.79255  0.79496  66.5296  126.2994  \n",
       "1103  0.76373  0.78841  0.79060  0.79167  66.5163  118.0417  \n",
       "1102  0.76013  0.78720  0.78850  0.78778  65.3963  113.1766  \n",
       "1101  0.75637  0.78600  0.78641  0.78367  64.5666  108.2560  \n",
       "1100  0.75288  0.78486  0.78449  0.77981  63.9491  107.0481  \n",
       "...       ...      ...      ...      ...      ...       ...  \n",
       "4     0.79661  0.80680  0.81050  0.81258  65.6507  107.0676  \n",
       "3     0.78915  0.80336  0.80645  0.80620  65.8046  105.0880  \n",
       "2     0.78152  0.80007  0.80234  0.79987  65.4293  104.6524  \n",
       "1     0.77438  0.79697  0.79834  0.79411  66.0644  105.6775  \n",
       "0     0.76816  0.79412  0.79461  0.78922  65.8937  104.4344  \n",
       "\n",
       "[1105 rows x 14 columns]"
      ]
     },
     "execution_count": 3,
     "metadata": {},
     "output_type": "execute_result"
    }
   ],
   "source": [
    "# reversing the dataset\n",
    "df = df[::-1]\n",
    "df"
   ]
  },
  {
   "cell_type": "code",
   "execution_count": 4,
   "id": "27d171b6",
   "metadata": {},
   "outputs": [],
   "source": [
    "# conversion of limestone porosity to sandstone porosity\n"
   ]
  },
  {
   "cell_type": "code",
   "execution_count": null,
   "id": "f6729723",
   "metadata": {},
   "outputs": [],
   "source": []
  },
  {
   "cell_type": "code",
   "execution_count": null,
   "id": "a3855ae1",
   "metadata": {},
   "outputs": [],
   "source": []
  },
  {
   "cell_type": "code",
   "execution_count": 27,
   "id": "19d7c1d4",
   "metadata": {},
   "outputs": [
    {
     "data": {
